0.193714420383362229 5.117195357697353231   0   0
0.192352946474545872 5.117296958378704019   1   0
0.193120436542789625 5.117449176598076299   2   0
0.191758962633973268 5.117550777279427088   3   0
0.193887926611033351 5.117601394817448579   4   0
0.192526452702216994 5.117702995498799368   5   0
0.194655416679277077 5.117753613036820859   6   0
0.191164978793400664 5.117804596180150156   7   0
0.193293942770460747 5.117855213718171647   8   0
0.191932468861644390 5.117956814399522436   9   0
0.194061432838704473 5.118007431937543927  10   0
0.190570994952828032 5.118058415080873225  11   0
0.192699958929888115 5.118109032618894716  12   0
0.194828922906948199 5.118159650156917095  13   0
0.191338485021071786 5.118210633300245505  14   0
0.193467448998131869 5.118261250838266996  15   0
0.192105975089315512 5.118362851519617784  16   0
0.194234939066375595 5.118413469057640164  17   0
0.190744501180499154 5.118464452200968573  18   0
0.192873465157559237 5.118515069738990064  19   0
0.195002429134619321 5.118565687277012444  20   0
0.191511991248742908 5.118616670420340853  21   0
0.193640955225802991 5.118667287958363232  22   0
0.190150517339926550 5.118718271101691641  23   0
0.192279481316986633 5.118768888639713133  24   0
0.194408445294046717 5.118819506177735512  25   0
0.190918007408170276 5.118870489321063921  26   0
0.193046971385230359 5.118921106859086301  27   0
0.195175935362290442 5.118971724397107792  28   0
0.191685497476414030 5.119022707540436201  29   0
0.193814461453474113 5.119073325078458581  30   0
0.190324023567597672 5.119124308221786990  31   0
0.192452987544657755 5.119174925759809369  32   0
0.194581951521717839 5.119225543297830860  33   0
0.191091513635841398 5.119276526441159270  34   0
0.193220477612901481 5.119327143979181649  35   0
0.195349441589961564 5.119377761517203140  36   0
0.191859003704085151 5.119428744660532438  37   0
0.193987967681145235 5.119479362198553929  38   0
0.190497529795268794 5.119530345341882338  39   0
0.192626493772328877 5.119580962879904718  40   0
0.194755457749388960 5.119631580417926209  41   0
0.191265019863512520 5.119682563561255506  42   0
0.193393983840572603 5.119733181099276997  43   0
0.195522947817632686 5.119783798637298489  44   0
0.189903545954696190 5.119784164242605407  45   0
0.192032509931756273 5.119834781780627786  46   0
0.194161473908816357 5.119885399318649277  47   0
0.190671036022939916 5.119936382461978575  48   0
0.192799999999999999 5.119987000000000066  49   0
0.194928963977060082 5.120037617538021557   0   1
0.191438526091183642 5.120088600681350854   1   1
0.193567490068243725 5.120139218219372346   2   1
0.195696454045303808 5.120189835757394725   3   1
0.190077052182367312 5.120190201362701643   4   1
0.192206016159427395 5.120240818900723134   5   1
0.194334980136487478 5.120291436438744626   6   1
0.190844542250611038 5.120342419582073923   7   1
0.192973506227671121 5.120393037120095414   8   1
0.195102470204731204 5.120443654658117794   9   1
0.191612032318854764 5.120494637801446203  10   1
0.193740996295914847 5.120545255339467694  11   1
0.190250558410038434 5.120596238482796991  12   1
0.192379522387098517 5.120646856020818483  13   1
0.194508486364158600 5.120697473558840862  14   1
0.191018048478282160 5.120748456702169271  15   1
0.193147012455342243 5.120799074240190762  16   1
0.195275976432402326 5.120849691778213142  17   1
0.191785538546525886 5.120900674921541551  18   1
0.193914502523585969 5.120951292459563930  19   1
0.190424064637709556 5.121002275602892340  20   1
0.192553028614769639 5.121052893140913831  21   1
0.194681992591829722 5.121103510678936210  22   1
0.191191554705953282 5.121154493822264619  23   1
0.193320518683013365 5.121205111360286999  24   1
0.195449482660073448 5.121255728898308490  25   1
0.191959044774197007 5.121306712041636899  26   1
0.194088008751257091 5.121357329579659279  27   1
0.190597570865380678 5.121408312722987688  28   1
0.192726534842440761 5.121458930261010067  29   1
0.194855498819500844 5.121509547799031559  30   1
0.191365060933624404 5.121560530942359968  31   1
0.193494024910684487 5.121611148480382347  32   1
0.192132551001868129 5.121712749161733136  33   1
0.194261514978928213 5.121763366699754627  34   1
0.190771077093051800 5.121814349843083036  35   1
0.192900041070111883 5.121864967381105416  36   1
0.195029005047171966 5.121915584919126907  37   1
0.191538567161295525 5.121966568062456204  38   1
0.193667531138355609 5.122017185600477696  39   1
0.192306057229539251 5.122118786281828484  40   1
0.194435021206599334 5.122169403819849975  41   1
0.190944583320722922 5.122220386963179273  42   1
0.193073547297783005 5.122271004501200764  43   1
0.191712073388966647 5.122372605182551553  44   1
0.193841037366026731 5.122423222720573044  45   1
0.192479563457210373 5.122524823401923832  46   1
0.193247053525454127 5.122677041621296112  47   1
0.191885579616637769 5.122778642302646901  48   1
0.192653069684881495 5.122930860522019181  49   1
